9 10
9 11
9 12
8 15
7 19
7 21
5 25
5 28
5 31
5 36
5 39
5 42
5 48
5 52
5 58
5 61
5 62
5 63
6 64
8 65
12 67
18 69
23 69
32 71
40 71
51 73
56 73
67 73
77 73
90 73
104 73
117 73
128 73
138 73
144 73
148 73
150 71
152 71
150 82
134 96
111 116
85 138
65 157
55 167
41 180
38 184
37 186
36 186
41 182
61 174
86 164
120 150
153 140
193 117
238 89
291 65
338 45
379 30
385 30
385 31
383 40
375 50
367 63
351 85
336 102
321 116
297 132
279 140
266 147
252 152
246 154
246 153
246 150
244 139
242 128
242 115
242 98
242 85
242 75
242 64
242 58
242 54
244 52
245 50
247 48
249 47
250 47
251 52
242 67
226 89
200 115
170 135
134 151
102 158
63 161
28 161
2 159
-16 151
-22 146
-24 141
-26 131
-26 117
-26 105
-26 92
-22 80
-18 69
-16 59
-12 53
-9 49
-3 45
2 45
8 45
17 45
29 45
40 45
44 46
50 51
57 60
62 76
64 94
64 110
64 127
63 145
51 166
40 182
21 196
2 205
-19 210
-42 213
-54 213
-66 209
-76 204
-79 194
-83 182
-83 162
-83 132
-83 104
-75 82
-57 50
-40 30
-14 8
29 -6
71 -9
117 -9
160 -9
203 -3
236 11
268 31
283 45
294 59
298 73
301 93
304 117
304 138
304 166
304 188
293 209
283 223
269 233
255 235
232 238
197 238
159 228
120 209
77 186
47 163
35 142
29 120
26 97
26 72
35 45
54 17
84 -4
125 -19
173 -26
219 -26
251 -26
289 -17
316 -9
328 -2
335 6
338 13
341 20
342 29
342 43
342 54
341 70
328 89
313 102
283 120
253 130
217 133
176 133
135 133
103 128
88 120
82 114
79 106
79 96
79 81
79 63
80 45
89 23
100 8
111 2
124 -2
136 -2
147 -2
150 -2
150 -1
150 6
150 17
150 29
150 40
147 49
137 66
127 78
117 87
103 94
85 97
68 97
55 97
44 97
36 96
36 95
36 94
36 85
36 77
36 66
36 53
38 40
46 31
53 25
64 21
77 21
90 21
101 21
107 22
109 24
109 27
112 36
113 42
113 56
113 74
113 88
113 100
112 112
104 127
100 135
95 143
94 144
92 144
92 138
92 128
92 115
92 104
92 91
97 79
102 70
117 61
129 58
139 58
150 58
155 58
158 58
161 59
166 69
169 77
172 89
174 102
174 116
174 129
174 143
170 154
164 162
159 167
151 169
145 171
139 171
134 171
129 171
124 169
122 166
120 158
118 151
118 139
118 123
118 109
118 96
122 85
134 71
144 67
157 65
169 65
179 65
184 65
187 65
188 65
189 71
189 83
192 95
192 108
192 121
192 134
188 145
185 155
178 159
165 164
149 164
127 164
100 164
74 152
50 146
39 139
29 131
25 125
20 117
18 111
18 100
18 90
18 78
25 69
35 60
53 55
77 55
110 55
140 55
159 55
173 59
182 63
187 69
189 74
191 84
195 98
195 113
195 126
195 141
195 149
192 157
186 163
181 168
173 170
165 170
157 170
151 170
147 170
143 167
141 162
133 155
129 146
127 135
124 122
124 107
124 95
123 86
130 78
140 73
150 73
161 73
169 73
172 73
173 73
175 73
175 74
175 75
176 82
177 91
177 102
177 110
177 118
173 128
164 136
152 142
136 145
120 145
98 145
79 145
69 142
63 138
61 136
59 130
59 125
59 113
59 102
67 89
80 76
103 65
137 62
172 62
208 62
255 68
291 79
322 95
340 105
355 118
362 125
363 129
365 134
365 140
365 143
365 148
363 153
356 157
347 159
333 162
314 164
298 164
285 164
275 164
271 164
269 162
268 160
266 152
266 143
266 127
266 108
282 81
297 65
321 53
345 47
361 44
371 44
374 44
375 44
376 45
376 50
376 58
376 67
376 77
375 85
371 94
367 100
362 107
351 112
341 115
331 116
323 116
318 116
315 116
314 116
313 116
313 115
313 110
313 103
313 95
314 86
315 79
317 76
318 73
319 72
318 76
311 79
301 82
294 85
283 87
275 87
267 89
262 89
259 89
257 89
254 89
251 89
249 89
247 89
246 89
245 89
243 91
233 93
216 95
193 96
171 98
151 98
135 98
122 98
107 98
93 98
86 98
82 98
79 98
77 98
76 99
75 99
